5.465795714061741917e-01 -2.579844243709109031e-01 1.413494470586964535e-01 -1.136840529871516042e-01 -2.628275397261081898e-03 -3.817728751617728289e-01 -4.284907379501723401e-01 -1.193029594012366551e-01 7.336352628165879741e-01 -4.152844199389688074e-01
2.906646547162677341e-01 6.623527979610434324e-02 4.040049784238893688e-02 -6.625056423676886803e-03 -3.661969420782304474e-01 7.348452646233750718e-01 -2.378496107519701974e-01 5.647852826271769766e-01 -8.304870947247721125e-01 -4.175640795566225028e-01
5.482115909800425180e-02 1.192970698190087830e-01 -4.538034811837097365e-02 -4.026070437146809788e-01 5.822196227914137046e-01 2.771915620843153905e-01 -3.073257544399872199e-01 -2.065229675004332244e-01 -2.799096316519850691e-01 7.583335704779872732e-02
-2.547885313783686545e-01 -1.609160010367494953e-01 -5.678103127245871518e-01 8.652922795154278923e-02 -3.248469973521358467e-01 5.493890476130099954e-01 3.877652176213448182e-02 5.417157445794287124e-02 2.932660642655590677e-01 1.947014140200281629e-01
4.404408370202966654e-03 1.920439467822937230e-01 -9.704158402842837094e-02 3.504144747316401132e-01 -7.434229698667778330e-02 -5.936588787800685107e-01 1.639395192651471253e-02 -4.405944705624375013e-01 -3.846318892845131399e-01 8.660500056489011111e-01
-1.914174379911582624e-01 2.349039919071793103e-01 -1.824350469714500558e-02 4.713196531068212791e-01 -8.322732285062993396e-02 -3.090953126681502683e-01 -2.241196408502137416e-01 3.934254470590370922e-01 4.444309801897035062e-01 -2.797952277391327902e-01
-1.629740706178570489e-02 8.405576140648716166e-01 5.510278109673295566e-01 2.151923520265966727e-01 -2.572084663091973589e-01 -4.032002216168541486e-01 1.475163897785206901e-01 -4.548964729137517371e-01 -2.073226939699339966e-01 -6.556404807619470310e-02
-3.240471187757186788e-01 -5.978191690015690618e-01 -2.983707945121237826e-01 -2.732851934456315690e-01 -6.926843443647029419e-02 -1.930228150462335313e-01 3.426002695231871176e-01 7.802100791245956124e-01 1.704683690778822924e-02 4.982010631655734989e-01
-3.796527972555641117e-02 3.428140095310384106e-01 -2.334727843082061993e-01 4.953480638321097057e-02 2.611240555774543282e-01 -5.738588893455996015e-02 -4.760514569545533092e-01 4.526821580984538573e-01 2.761011646356287264e-02 -4.712467548563147035e-02
6.272245975557676212e-02 -3.963213857630773496e-01 -4.867513560823953922e-01 1.220639912919899706e-01 -2.075481274091043812e-02 -4.351221481644318434e-01 2.905421493197268834e-01 1.139490195974549314e-01 -2.322925621800182028e-01 8.912298233827360416e-01
